function [OCP, dUdT] = computeOCP_XNO_Morrow(c, T, cmax)
% Data from
%  @article{Pron_2019, title={Electrochemical Characterization and Solid Electrolyte Interface Modeling of LiNi0.5Mn1.5O4-Graphite Cells}, volume={166}, ISSN={1945-7111}, url={http://dx.doi.org/10.1149/2.0941910jes}, DOI={10.1149/2.0941910jes}, number={10}, journal={Journal of The Electrochemical Society}, publisher={The Electrochemical Society}, author={Pron, Vittorio Giai and Versaci, Daniele and Amici, Julia and Francia, Carlotta and Santarelli, Massimo and Bodoardo, Silvia}, year={2019}, pages={A2255–A2263} }

    Tref = 298.15;  % [K]

    theta = c./cmax;


    refOCP_table = [[0.000000, 2.27110];...
                    [0.000418, 2.21610];...
                    [0.000971, 2.18550];...
                    [0.001389, 2.16810];...
                    [0.001958, 2.14940];...
                    [0.002376, 2.13760];...
                    [0.002929, 2.12360];...
                    [0.003481, 2.11200];...
                    [0.003899, 2.10400];...
                    [0.004468, 2.09460];...
                    [0.004887, 2.08800];...
                    [0.005439, 2.08000];...
                    [0.005991, 2.07260];...
                    [0.006410, 2.06730];...
                    [0.006979, 2.06100];...
                    [0.007397, 2.05640];...
                    [0.007950, 2.05080];...
                    [0.008368, 2.04660];...
                    [0.008920, 2.04170];...
                    [0.009489, 2.03640];...
                    [0.009908, 2.03330];...
                    [0.010460, 2.02880];...
                    [0.010878, 2.02550];...
                    [0.011431, 2.02100];...
                    [0.012000, 2.01730];...
                    [0.012418, 2.01440];...
                    [0.012970, 2.01040];...
                    [0.013389, 2.00790];...
                    [0.013941, 2.00450];...
                    [0.014510, 2.00090];...
                    [0.014928, 1.99860];...
                    [0.015481, 1.99540];...
                    [0.015899, 1.99290];...
                    [0.016451, 1.98970];...
                    [0.016870, 1.98730];...
                    [0.017439, 1.98440];...
                    [0.017991, 1.98140];...
                    [0.018409, 1.97910];...
                    [0.018962, 1.97610];...
                    [0.019397, 1.97400];...
                    [0.019949, 1.97100];...
                    [0.020501, 1.96800];...
                    [0.020920, 1.96600];...
                    [0.021489, 1.96320];...
                    [0.021907, 1.96120];...
                    [0.022459, 1.95830];...
                    [0.023012, 1.95580];...
                    [0.023430, 1.95380];...
                    [0.023999, 1.95110];...
                    [0.024418, 1.94900];...
                    [0.024970, 1.94650];...
                    [0.025388, 1.94430];...
                    [0.025941, 1.94180];...
                    [0.026510, 1.93900];...
                    [0.026928, 1.93710];...
                    [0.027480, 1.93450];...
                    [0.027899, 1.93240];...
                    [0.028451, 1.92980];...
                    [0.029020, 1.92720];...
                    [0.029438, 1.92550];...
                    [0.029991, 1.92300];...
                    [0.030409, 1.92080];...
                    [0.030961, 1.91840];...
                    [0.031380, 1.91660];...
                    [0.031949, 1.91440];...
                    [0.032501, 1.91170];...
                    [0.032919, 1.91010];...
                    [0.033472, 1.90770];...
                    [0.033890, 1.90580];...
                    [0.034459, 1.90350];...
                    [0.035011, 1.90130];...
                    [0.035430, 1.89940];...
                    [0.035982, 1.89710];...
                    [0.036400, 1.89530];...
                    [0.036969, 1.89280];...
                    [0.037522, 1.89080];...
                    [0.037940, 1.88890];...
                    [0.038492, 1.88700];...
                    [0.038911, 1.88540];...
                    [0.039480, 1.88310];...
                    [0.039898, 1.88170];...
                    [0.040451, 1.87960];...
                    [0.041003, 1.87740];...
                    [0.041421, 1.87620];...
                    [0.041990, 1.87420];...
                    [0.042409, 1.87270];...
                    [0.042961, 1.87060];...
                    [0.043513, 1.86880];...
                    [0.043932, 1.86740];...
                    [0.044501, 1.86550];...
                    [0.044919, 1.86410];...
                    [0.045471, 1.86220];...
                    [0.046024, 1.86050];...
                    [0.046442, 1.85910];...
                    [0.047011, 1.85720];...
                    [0.047429, 1.85590];...
                    [0.047982, 1.85420];...
                    [0.048400, 1.85320];...
                    [0.048952, 1.85130];...
                    [0.049521, 1.85000];...
                    [0.049940, 1.84860];...
                    [0.050492, 1.84730];...
                    [0.050910, 1.84600];...
                    [0.051463, 1.84440];...
                    [0.052032, 1.84300];...
                    [0.052450, 1.84180];...
                    [0.053002, 1.84030];...
                    [0.053421, 1.83920];...
                    [0.053973, 1.83780];...
                    [0.054542, 1.83630];...
                    [0.054961, 1.83510];...
                    [0.055513, 1.83350];...
                    [0.055931, 1.83260];...
                    [0.056483, 1.83140];...
                    [0.056902, 1.83020];...
                    [0.057471, 1.82900];...
                    [0.058023, 1.82770];...
                    [0.058442, 1.82670];...
                    [0.058994, 1.82520];...
                    [0.059412, 1.82440];...
                    [0.059981, 1.82320];...
                    [0.060534, 1.82180];...
                    [0.060952, 1.82090];...
                    [0.061504, 1.81970];...
                    [0.061923, 1.81860];...
                    [0.062492, 1.81720];...
                    [0.062910, 1.81640];...
                    [0.063462, 1.81530];...
                    [0.064015, 1.81410];...
                    [0.064433, 1.81310];...
                    [0.065002, 1.81180];...
                    [0.065420, 1.81090];...
                    [0.065973, 1.80970];...
                    [0.066525, 1.80850];...
                    [0.066943, 1.80800];...
                    [0.067512, 1.80690];...
                    [0.067931, 1.80600];...
                    [0.068483, 1.80490];...
                    [0.069035, 1.80340];...
                    [0.069454, 1.80300];...
                    [0.070023, 1.80180];...
                    [0.070441, 1.80100];...
                    [0.070993, 1.79960];...
                    [0.071412, 1.79910];...
                    [0.071964, 1.79780];...
                    [0.072533, 1.79670];...
                    [0.072952, 1.79560];...
                    [0.073504, 1.79490];...
                    [0.073922, 1.79390];...
                    [0.074474, 1.79280];...
                    [0.075044, 1.79190];...
                    [0.075462, 1.79110];...
                    [0.076014, 1.79020];...
                    [0.076433, 1.78960];...
                    [0.076985, 1.78860];...
                    [0.077554, 1.78760];...
                    [0.077972, 1.78670];...
                    [0.078525, 1.78590];...
                    [0.078943, 1.78490];...
                    [0.079495, 1.78380];...
                    [0.079914, 1.78340];...
                    [0.080483, 1.78240];...
                    [0.081035, 1.78140];...
                    [0.081453, 1.78060];...
                    [0.082006, 1.77940];...
                    [0.082424, 1.77880];...
                    [0.082993, 1.77780];...
