function [OCP, dUdT] = computeOCP_XNO_Morrow(c, T, cmax)
% Data from
%  @article{Pron_2019, title={Electrochemical Characterization and Solid Electrolyte Interface Modeling of LiNi0.5Mn1.5O4-Graphite Cells}, volume={166}, ISSN={1945-7111}, url={http://dx.doi.org/10.1149/2.0941910jes}, DOI={10.1149/2.0941910jes}, number={10}, journal={Journal of The Electrochemical Society}, publisher={The Electrochemical Society}, author={Pron, Vittorio Giai and Versaci, Daniele and Amici, Julia and Francia, Carlotta and Santarelli, Massimo and Bodoardo, Silvia}, year={2019}, pages={A2255–A2263} }

    Tref = 293.15;  % [K]

    theta = c./cmax;


    refOCP_table = [[0.000000, 2.27110];...
                    [0.000971, 2.18550];...
                    [0.001958, 2.14940];...
                    [0.002929, 2.12360];...
                    [0.003899, 2.10400];...
                    [0.004887, 2.08800];...
                    [0.005991, 2.07260];...
                    [0.006979, 2.06100];...
                    [0.007950, 2.05080];...
                    [0.008920, 2.04170];...
                    [0.009908, 2.03330];...
                    [0.010878, 2.02550];...
                    [0.012000, 2.01730];...
                    [0.012970, 2.01040];...
                    [0.013941, 2.00450];...
                    [0.014928, 1.99860];...
                    [0.015899, 1.99290];...
                    [0.017020, 1.98660];...
                    [0.017991, 1.98140];...
                    [0.018962, 1.97610];...
                    [0.019949, 1.97100];...
                    [0.020920, 1.96600];...
                    [0.021907, 1.96120];...
                    [0.023012, 1.95580];...
                    [0.023999, 1.95110];...
                    [0.024970, 1.94650];...
                    [0.025941, 1.94180];...
                    [0.026928, 1.93710];...
                    [0.027899, 1.93240];...
                    [0.029020, 1.92720];...
                    [0.029991, 1.92300];...
                    [0.030961, 1.91840];...
                    [0.031949, 1.91440];...
                    [0.032919, 1.91010];...
                    [0.034041, 1.90530];...
                    [0.035011, 1.90130];...
                    [0.035982, 1.89710];...
                    [0.036969, 1.89280];...
                    [0.037940, 1.88890];...
                    [0.038911, 1.88540];...
                    [0.040032, 1.88120];...
                    [0.041003, 1.87740];...
                    [0.041990, 1.87420];...
                    [0.042961, 1.87060];...
                    [0.043932, 1.86740];...
                    [0.045053, 1.86380];...
                    [0.046024, 1.86050];...
                    [0.047011, 1.85720];...
                    [0.047982, 1.85420];...
                    [0.048952, 1.85130];...
                    [0.049940, 1.84860];...
                    [0.051044, 1.84570];...
                    [0.052032, 1.84300];...
                    [0.053002, 1.84030];...
                    [0.053973, 1.83780];...
                    [0.054961, 1.83510];...
                    [0.055931, 1.83260];...
                    [0.057052, 1.83000];...
                    [0.058023, 1.82770];...
                    [0.058994, 1.82520];...
                    [0.059981, 1.82320];...
                    [0.060952, 1.82090];...
                    [0.062073, 1.81850];...
                    [0.063044, 1.81620];...
                    [0.064015, 1.81410];...
                    [0.065002, 1.81180];...
                    [0.065973, 1.80970];...
                    [0.066943, 1.80800];...
                    [0.068065, 1.80540];...
                    [0.069035, 1.80340];...
                    [0.070023, 1.80180];...
                    [0.070993, 1.79960];...
                    [0.071964, 1.79780];...
                    [0.073085, 1.79550];...
                    [0.074056, 1.79370];...
                    [0.075044, 1.79190];...
                    [0.076014, 1.79020];...
                    [0.076985, 1.78860];...
                    [0.077972, 1.78670];...
                    [0.079077, 1.78480];...
                    [0.080064, 1.78300];...
                    [0.081035, 1.78140];...
                    [0.082006, 1.77940];...
                    [0.082993, 1.77780];...
                    [0.083964, 1.77620];...
                    [0.085085, 1.77460];...
                    [0.086056, 1.77300];...
                    [0.087026, 1.77140];...
                    [0.088014, 1.77000];...
                    [0.088984, 1.76850];...
                    [0.090106, 1.76660];...
                    [0.091076, 1.76510];...
                    [0.092047, 1.76360];...
                    [0.093035, 1.76220];...
                    [0.094005, 1.76070];...
                    [0.094976, 1.75950];...
                    [0.096097, 1.75770];...
                    [0.097068, 1.75630];...
                    [0.098055, 1.75480];...
                    [0.099026, 1.75330];...
                    [0.099997, 1.75190];...
                    [0.100984, 1.75070];...
                    [0.102089, 1.74930];...
                    [0.103076, 1.74800];...
                    [0.104047, 1.74670];...
                    [0.105017, 1.74530];...
                    [0.106005, 1.74420];...
                    [0.107109, 1.74240];...
                    [0.108097, 1.74120];...
                    [0.109067, 1.74000];...
                    [0.110038, 1.73880];...
                    [0.111026, 1.73760];...
                    [0.111996, 1.73640];...
                    [0.113118, 1.73480];...
                    [0.114088, 1.73380];...
                    [0.115059, 1.73240];...
                    [0.116046, 1.73120];...
                    [0.117017, 1.72980];...
                    [0.118138, 1.72840];...
                    [0.119109, 1.72760];...
                    [0.120080, 1.72650];...
                    [0.121067, 1.72500];...
                    [0.122038, 1.72410];...
                    [0.123008, 1.72290];...
                    [0.124130, 1.72150];...
                    [0.125100, 1.72020];...
                    [0.126088, 1.71920];...
                    [0.127059, 1.71820];...
                    [0.128029, 1.71720];...
                    [0.129017, 1.71620];...
                    [0.130121, 1.71480];...
                    [0.131109, 1.71370];...
                    [0.132079, 1.71260];...
                    [0.133050, 1.71150];...
                    [0.134037, 1.71060];...
                    [0.135142, 1.70940];...
                    [0.136129, 1.70830];...
                    [0.137100, 1.70770];...
                    [0.138071, 1.70650];...
                    [0.139058, 1.70560];...
                    [0.140029, 1.70460];...
                    [0.141150, 1.70350];...
                    [0.142121, 1.70280];...
                    [0.143091, 1.70180];...
                    [0.144079, 1.70080];...
                    [0.145050, 1.70000];...
                    [0.146171, 1.69920];...
                    [0.147142, 1.69820];...
                    [0.148112, 1.69760];...
                    [0.149100, 1.69680];...
                    [0.150070, 1.69600];...
                    [0.151041, 1.69520];...
                    [0.152162, 1.69420];...
                    [0.153133, 1.69360];...
                    [0.154120, 1.69310];...
                    [0.155091, 1.69250];...
                    [0.156062, 1.69180];...
                    [0.157049, 1.69090];...
                    [0.158154, 1.69030];...
                    [0.159141, 1.68970];...
                    [0.160112, 1.68910];...
                    [0.161082, 1.68820];...
                    [0.162070, 1.68770];...
                    [0.163174, 1.68740];...
                    [0.164162, 1.68690];...
                    [0.165133, 1.68650];...
                    [0.166103, 1.68580];...
