function [OCP, dUdT] = computeOCP_LNMO_Morrow(c, T, cmax)
% Data from
%  @article{Pron_2019, title={Electrochemical Characterization and Solid Electrolyte Interface Modeling of LiNi0.5Mn1.5O4-Graphite Cells}, volume={166}, ISSN={1945-7111}, url={http://dx.doi.org/10.1149/2.0941910jes}, DOI={10.1149/2.0941910jes}, number={10}, journal={Journal of The Electrochemical Society}, publisher={The Electrochemical Society}, author={Pron, Vittorio Giai and Versaci, Daniele and Amici, Julia and Francia, Carlotta and Santarelli, Massimo and Bodoardo, Silvia}, year={2019}, pages={A2255–A2263} }

    Tref = 298.15;  % [K]


    theta = c./cmax;


    refOCP_table = [[0.000000, 4.92680];...
                    [0.000952, 4.87080];...
                    [0.001904, 4.84220];...
                    [0.002967, 4.81880];...
                    [0.003919, 4.80520];...
                    [0.004871, 4.79530];...
                    [0.005956, 4.78670];...
                    [0.006908, 4.78070];...
                    [0.007993, 4.77500];...
                    [0.008923, 4.77070];...
                    [0.009875, 4.76690];...
                    [0.010960, 4.76310];...
                    [0.011912, 4.76020];...
                    [0.012997, 4.75720];...
                    [0.013927, 4.75490];...
                    [0.014879, 4.75280];...
                    [0.015964, 4.75060];...
                    [0.016917, 4.74880];...
                    [0.018001, 4.74700];...
                    [0.018954, 4.74560];...
                    [0.019884, 4.74430];...
                    [0.020968, 4.74290];...
                    [0.021921, 4.74180];...
                    [0.023006, 4.74060];...
                    [0.023958, 4.73960];...
                    [0.024888, 4.73880];...
                    [0.025973, 4.73780];...
                    [0.026925, 4.73710];...
                    [0.028010, 4.73630];...
                    [0.028962, 4.73570];...
                    [0.029914, 4.73500];...
                    [0.030977, 4.73440];...
                    [0.031929, 4.73390];...
                    [0.033014, 4.73350];...
                    [0.033966, 4.73310];...
                    [0.034918, 4.73270];...
                    [0.036003, 4.73230];...
                    [0.036933, 4.73190];...
                    [0.038018, 4.73170];...
                    [0.038970, 4.73140];...
                    [0.039922, 4.73110];...
                    [0.041007, 4.73090];...
                    [0.041937, 4.73070];...
                    [0.043022, 4.73050];...
                    [0.043974, 4.73030];...
                    [0.044926, 4.73020];...
                    [0.046011, 4.72990];...
                    [0.046963, 4.72980];...
                    [0.048026, 4.72970];...
                    [0.048978, 4.72960];...
                    [0.049930, 4.72950];...
                    [0.051015, 4.72930];...
                    [0.051967, 4.72920];...
                    [0.053052, 4.72910];...
                    [0.053982, 4.72910];...
                    [0.054934, 4.72890];...
                    [0.056019, 4.72890];...
                    [0.056971, 4.72890];...
                    [0.058056, 4.72870];...
                    [0.058986, 4.72860];...
                    [0.059938, 4.72860];...
                    [0.061023, 4.72850];...
                    [0.061976, 4.72850];...
                    [0.063060, 4.72840];...
                    [0.064013, 4.72840];...
                    [0.064943, 4.72840];...
                    [0.066028, 4.72830];...
                    [0.066980, 4.72830];...
                    [0.068065, 4.72820];...
                    [0.069017, 4.72820];...
                    [0.069947, 4.72810];...
                    [0.071032, 4.72810];...
                    [0.071984, 4.72800];...
                    [0.073069, 4.72800];...
                    [0.074021, 4.72800];...
                    [0.074973, 4.72790];...
                    [0.076036, 4.72790];...
                    [0.076988, 4.72780];...
                    [0.078073, 4.72780];...
                    [0.079025, 4.72780];...
                    [0.079977, 4.72780];...
                    [0.081062, 4.72770];...
                    [0.081992, 4.72780];...
                    [0.083077, 4.72770];...
                    [0.084029, 4.72770];...
                    [0.084981, 4.72770];...
                    [0.086066, 4.72770];...
                    [0.086996, 4.72760];...
                    [0.088081, 4.72760];...
                    [0.089033, 4.72760];...
                    [0.089985, 4.72760];...
                    [0.091070, 4.72750];...
                    [0.092022, 4.72750];...
                    [0.093085, 4.72750];...
                    [0.094037, 4.72750];...
                    [0.094989, 4.72740];...
                    [0.096074, 4.72740];...
                    [0.097026, 4.72740];...
                    [0.098111, 4.72740];...
                    [0.099041, 4.72740];...
                    [0.099993, 4.72740];...
                    [0.101078, 4.72730];...
                    [0.102030, 4.72740];...
                    [0.103115, 4.72730];...
                    [0.104045, 4.72730];...
                    [0.104997, 4.72730];...
                    [0.106082, 4.72730];...
                    [0.107035, 4.72720];...
                    [0.108119, 4.72720];...
                    [0.109072, 4.72720];...
                    [0.110002, 4.72720];...
                    [0.111087, 4.72710];...
                    [0.112039, 4.72720];...
                    [0.113124, 4.72710];...
                    [0.114076, 4.72700];...
                    [0.115006, 4.72700];...
                    [0.116091, 4.72700];...
                    [0.117043, 4.72700];...
                    [0.118128, 4.72700];...
                    [0.119080, 4.72700];...
                    [0.120032, 4.72700];...
                    [0.121095, 4.72700];...
                    [0.122047, 4.72690];...
                    [0.123132, 4.72690];...
                    [0.124084, 4.72690];...
                    [0.125036, 4.72690];...
                    [0.126099, 4.72680];...
                    [0.127051, 4.72680];...
                    [0.128003, 4.72680];...
                    [0.129088, 4.72670];...
                    [0.130040, 4.72670];...
                    [0.131125, 4.72670];...
                    [0.132055, 4.72670];...
                    [0.133007, 4.72670];...
                    [0.134092, 4.72670];...
                    [0.135044, 4.72660];...
                    [0.136129, 4.72660];...
                    [0.137059, 4.72650];...
                    [0.138011, 4.72660];...
                    [0.139096, 4.72650];...
                    [0.140048, 4.72650];...
                    [0.141133, 4.72650];...
                    [0.142085, 4.72650];...
                    [0.143015, 4.72640];...
                    [0.144100, 4.72640];...
                    [0.145052, 4.72640];...
                    [0.146137, 4.72630];...
                    [0.147089, 4.72630];...
                    [0.148019, 4.72630];...
                    [0.149104, 4.72620];...
                    [0.150056, 4.72620];...
                    [0.151141, 4.72620];...
                    [0.152094, 4.72620];...
                    [0.153046, 4.72610];...
                    [0.154108, 4.72610];...
                    [0.155061, 4.72600];...
                    [0.156146, 4.72600];...
                    [0.157098, 4.72600];...
                    [0.158050, 4.72600];...
                    [0.159135, 4.72600];...
                    [0.160065, 4.72600];...
                    [0.161150, 4.72590];...
                    [0.162102, 4.72590];...
                    [0.163054, 4.72590];...
                    [0.164139, 4.72590];...
                    [0.165069, 4.72590];...
                    [0.166154, 4.72580];...
